Years Since Launch,Fuel Remaining [lbm]
0.0037912,60.147
0.0060793,60.25
0.014639,60.157
0.015958,60.099
0.018697,60.157
0.02916,60.145
0.031322,60.088
0.03163,60.088
0.033805,59.84
0.042031,59.742
0.042166,59.766
0.048435,59.766
0.056008,59.742
0.057111,59.543
0.066246,59.61
0.074219,59.504
0.081459,59.575
0.08847,59.587
0.095548,59.445
0.1028,59.398
0.11371,59.421
0.11818,59.369
0.12768,59.386
0.13276,59.421
0.14003,59.587
0.14715,59.362
0.14765,59.345
0.15359,59.345
0.15486,59.487
0.15771,59.197
0.16216,59.298
0.17779,59.381
0.18505,59.464
0.19193,59.257
0.19619,59.476
0.19874,59.25
0.20338,59.162
0.21069,59.221
0.21877,59.221
0.22189,59.352
0.22603,59.162
0.22913,59.352
0.23356,59.15
0.25415,59.25
0.25601,59.06
0.27104,59.162
0.27461,59.281
0.28025,59
0.29281,59.233
0.29863,59.192
0.30734,59.048
0.31421,59.18
0.32112,59.06
0.32426,59.156
0.32768,59.18
0.32837,59.192
0.33561,59.168
0.34035,59.054
0.34247,58.957
0.34295,59.077
0.34824,58.993
0.34977,58.873
0.35676,59.077
0.35795,58.933
0.37121,58.897
0.37353,59.066
0.3819,58.945
0.39167,58.969
0.39725,58.849
0.40023,58.933
0.40137,58.837
0.41062,58.829
0.41575,58.902
0.42203,58.914
0.42262,58.829
0.42615,58.926
0.42911,58.926
0.43039,58.926
0.44839,58.82
0.45593,58.865
0.45828,58.865
0.45924,58.756
0.47707,58.696
0.48711,58.865
0.48835,58.926
0.49137,58.817
0.49754,58.902
0.50889,58.761
0.50953,58.785
0.51338,58.841
0.51631,58.785
0.51722,58.639
0.52103,58.663
0.52945,58.761
0.53432,58.809
0.53894,58.554
0.56104,58.749
0.56801,58.666
0.58004,58.578
0.58248,58.643
0.58766,58.724
0.59483,58.578
0.59703,58.581
0.60549,58.581
0.61556,58.523
0.62009,58.666
0.62686,58.63
0.63377,58.606
0.64043,58.474
0.64989,58.437
0.65283,58.63
0.66884,58.581
0.67191,58.51
0.67455,58.29
0.67675,58.425
0.69103,58.45
0.73425,58.339
0.74418,58.437
0.7538,58.339
0.76388,58.499
0.76891,58.304
0.7852,58.499
0.79048,58.45
0.79542,58.376
0.79992,58.4
0.81089,58.267
0.81391,58.292
0.82785,58.292
0.83187,58.365
0.84858,58.341
0.85677,58.316
0.86286,58.267
0.87283,58.207
0.87763,58.12
0.87888,58.218
0.88469,58.194
0.88899,58.107
0.89269,58.145
0.89332,58.107
0.9,58.207
0.90725,58.182
0.90765,58.182
0.90841,57.971
0.9138,58.169
0.91478,58.145
0.92499,58.182
0.92828,57.983
0.93191,58.021
0.93555,57.971
0.94021,58.021
0.95722,57.992
0.9583,57.945
0.96454,57.908
0.96554,57.933
0.96707,57.996
0.97858,58.033
0.97968,58.008
0.98037,57.821
0.98382,57.921
0.98724,57.883
1.0019,57.808
1.0304,57.808
1.0346,57.846
1.0379,57.858
1.0383,57.908
1.0422,57.744
1.046,57.618
1.0588,57.656
1.0724,57.695
1.0742,57.846
1.0753,57.733
1.0788,57.58
1.0813,57.757
1.0821,57.707
1.0888,57.708
1.0989,57.744
1.1105,57.757
1.1174,57.694
1.1198,57.757
1.1235,57.542
1.1248,57.618
1.1267,57.656
1.132,57.707
1.1326,57.591
1.1386,57.426
1.1467,57.616
1.1502,57.603
1.1539,57.616
1.1654,57.694
1.1691,57.616
1.1743,57.604
1.1765,57.566
1.1786,57.604
1.1826,57.579
1.1846,57.376
1.1902,57.528
1.1933,57.477
1.1982,57.502
1.2053,57.604
1.2129,57.541
1.2261,57.502
1.2339,57.376
1.2394,57.541
1.2409,57.401
1.2626,57.35
1.276,57.449
1.2771,57.386
1.2842,57.461
1.2905,57.424
1.2986,57.36
1.3001,57.233
1.3046,57.347
1.3066,57.386
1.3102,57.386
1.3129,57.424
1.3132,57.271
1.3151,57.424
1.3196,57.335
1.321,57.449
1.3235,57.178
1.3268,57.411
1.3278,57.398
1.329,57.245
1.3461,57.233
1.3546,57.293
1.3613,57.267
1.367,57.305
1.3702,57.216
1.3775,57.191
1.3789,57.267
1.3835,57.178
1.392,57.165
1.3992,57.126
1.4033,57.126
1.4064,57.293
1.4114,57.114
1.4167,57.267
1.4209,57.191
1.4239,57.088
1.4282,57.229
1.4363,57.139
1.4445,57.293
1.4523,57.109
1.4589,57.135
1.4663,56.98
1.477,57.071
1.4839,57.135
1.5007,56.929
1.5079,56.942
1.5235,57.135
1.5378,57.135
1.5418,56.963
1.5458,57.032
1.5586,57.135
1.5731,56.929
1.5807,56.993
1.5876,56.993
1.5952,56.885
1.6024,56.82
1.6093,56.768
1.617,56.872
1.6216,56.988
1.6286,56.988
1.6383,56.826
1.6962,56.876
1.7073,56.82
1.7125,56.988
1.718,56.963
1.7556,56.872
1.7608,56.911
1.7759,56.937
1.7904,56.723
1.8106,56.826
1.8494,56.839
1.886,56.762
1.9026,56.814
1.9509,56.775
1.9698,56.689
1.9758,56.645
1.9943,56.573
1.9997,56.42
2.0223,56.52
2.0266,56.341
2.0531,56.52
2.0676,56.599
2.0863,56.481
2.0958,56.507
2.1321,56.434
2.1465,56.473
2.1527,56.473
2.1545,56.434
2.1755,56.511
2.194,56.533
2.2004,56.486
2.2106,56.511
2.2126,56.407
2.2179,56.473
2.2269,56.276
2.2476,56.42
2.2546,56.473
2.2713,56.46
2.3125,56.358
2.3125,56.148
2.3344,56.125
2.3628,56.344
2.3784,56.24
2.3927,56.214
2.4209,56.227
2.4436,56.306
2.4797,56.125
2.488,56.058
2.4942,56.151
2.5004,56.111
2.5584,56.151
2.5744,56.007
2.5888,56.125
2.5949,55.954
2.6266,55.925
2.667,55.98
2.7123,55.86
2.7307,55.941
2.8221,55.981
2.8421,55.607
2.8487,55.782
2.9321,55.767
3.0523,55.701
3.0667,55.674
3.1165,55.821
3.1235,55.795
3.1398,55.58
3.199,55.647
3.3279,55.809
3.4206,55.755
3.48,55.458
3.4868,55.647
3.6898,55.431
3.7913,55.308
3.8711,55.523
3.8919,55.471
3.9932,55.322
4.0017,55.445
4.2698,55.24
4.5743,55.254
4.5879,55.336
4.6461,55.345
4.6898,55.267
4.7988,55.184
4.8337,55.143
4.8422,55.075
4.8481,55.165
4.8561,55.116
4.878,54.962
4.9864,55.1
5.0812,54.893
5.1176,55.152
5.1749,55.254
5.2042,55.004
5.2261,54.99
5.2406,54.738
5.2477,54.983
5.2842,54.904
5.3275,54.849
5.3566,54.821
5.4219,54.668
5.4362,54.821
5.4725,54.918
5.5064,54.664
5.5146,54.696
5.5377,54.724
5.5594,54.65
5.574,54.594
5.6029,54.734
5.6175,54.594
5.6537,54.6
5.668,54.774
5.6898,54.477
5.7189,54.574
5.7623,54.449
5.7981,54.421
5.813,54.519
5.8638,54.399
5.8999,54.449
5.9144,54.288
5.9642,54.463
5.9795,54.26
5.9998,54.421
6.0159,54.288
6.0443,54.358
6.0739,54.175
6.1609,54.386
6.1682,54.425
6.1747,54.26
6.1825,54.133
6.1898,54.288
6.1957,54.316
6.2116,54.133
6.2189,53.983
6.2333,54.153
6.2913,54.168
6.3057,53.983
6.3275,54.068
6.342,53.998
6.3491,54.208
6.3709,54.195
6.4564,54.068
6.487,54.111
6.522,54.139
6.5449,54.026
6.5516,54.054
6.5807,54.016
6.6017,54.105
6.6161,53.747
6.6387,53.932
6.6523,53.988
6.6683,54.016
6.6752,54.026
6.6898,53.804
6.699,54.002
6.7115,53.807
6.7534,53.889
6.7761,53.765
6.7839,53.975
6.7912,53.679
6.813,53.736
6.8372,53.636
6.849,53.846
6.9288,53.82
6.9571,53.793
6.9721,53.955
7.0147,53.846
7.0366,53.693
7.052,53.779
7.0664,53.807
7.0954,53.846
7.1027,53.693
7.1302,53.736
7.1462,53.595
7.1605,53.736
7.1678,53.452
7.1751,53.394
7.1823,53.751
7.1896,53.466
7.2185,53.693
7.2838,53.693
7.2911,53.622
7.2984,53.693
7.3272,53.61
7.3338,53.595
7.3563,53.524
7.3623,53.582
7.37,53.538
7.383,53.351
7.3891,53.353
7.4287,53.336
7.4358,53.28
7.4427,53.382
7.4499,53.338
7.4571,53.324
7.4708,53.409
7.4717,53.309
7.479,53.382
7.5288,53.295
7.5373,53.41
7.572,53.38
7.5865,53.295
7.5953,53.382
7.6021,53.251
7.6082,53.149
7.6155,53.193
7.6243,53.193
7.6309,53.221
7.6446,53.251
7.6533,53.033
7.6678,53.062
7.6817,52.975
7.6888,52.989
7.6954,52.989
7.7025,53.004
7.7113,53.106
7.7184,53.003
7.7257,52.989
7.733,52.945
7.7394,53.016
7.7608,53.004
7.7836,53.002
7.7975,52.739
7.8187,52.974
7.8199,52.974
7.8345,52.96
7.8556,52.871
7.8631,52.783
7.8761,52.93
7.8847,52.93
7.8924,52.857
7.9068,52.796
7.914,52.796
7.9213,52.809
7.9352,52.767
7.9501,52.809
7.9648,52.781
7.9786,52.781
7.9865,52.737
8.0007,52.752
8.0655,52.723
8.0871,52.767
8.0941,52.634
8.1513,52.827
8.1592,52.767
8.2314,52.678
8.2834,52.6
8.2908,52.364
8.3052,52.678
8.3341,52.6
8.3414,52.304
8.3553,52.575
8.3625,52.542
8.3697,52.364
8.3908,52.575
8.3994,52.6
8.4065,52.497
8.4497,52.6
8.4718,52.572
8.4792,52.586
8.5216,52.6
8.5226,52.378
8.5288,52.364
8.5516,52.299
8.5731,52.344
8.5798,52.225
8.5878,52.387
8.6096,52.15
8.624,52.344
8.6312,52.387
8.6384,52.358
8.6443,52.195
8.6675,52.387
8.6963,52.344
8.711,52.387
8.7399,52.299
8.7472,52.372
8.7615,52.27
8.7689,52.143
8.7753,52.344
8.8195,52.129
8.8559,52.344
8.9488,52.255
8.9717,52.069
9.0076,52.158
9.1084,51.949
9.1225,52.143
9.159,52.111
9.21,52.024
9.2178,51.888
9.2324,52.129
9.2396,52.084
9.2603,52.045
9.268,52.279
9.283,52.2
9.2968,52.158
9.3116,51.843
9.3332,52.129
9.3404,52.009
9.3481,51.805
9.3691,51.82
9.4348,52.111
9.4489,52.135
9.4636,51.866
9.4925,51.911
9.5002,51.851
9.5212,51.994
9.5216,51.851
9.5793,51.775
9.5868,51.896
9.5943,51.866
9.6009,51.599
9.6079,51.66
9.609,51.584
9.6154,51.508
9.6736,51.783
9.7675,51.791
9.7893,51.76
9.8256,51.584
9.826,51.72
9.8324,51.675
9.9714,51.806
9.9928,51.663
10.103,51.656
10.115,51.645
10.174,51.636
10.189,51.629
10.196,51.619
10.202,51.607
10.224,51.587
10.224,51.567
10.246,51.558
10.268,51.546
10.29,51.527
10.297,51.507
10.333,51.486
10.348,51.466
10.369,51.425
10.405,51.394
10.413,51.362
10.456,51.339
10.478,51.314
10.486,51.298
10.5,51.258
10.521,51.238
10.528,51.205
10.543,51.162
10.557,51.12
10.565,51.086
10.594,51.067
10.607,51.036
10.644,51.021
10.644,50.958
10.652,50.929
10.673,50.909
10.702,50.867
10.702,50.825
10.732,50.792
10.739,50.755
10.753,50.693
10.754,50.68
10.775,50.646
10.804,50.606
10.818,50.557
10.826,50.535
10.848,50.513
10.869,50.495
10.884,50.455
10.906,50.415
10.926,50.387
10.942,50.359
10.985,50.32
10.999,50.272
11.014,50.234
11.021,50.205
11.028,50.172
11.057,50.13
11.079,50.087
11.087,50.072
11.094,50.032
11.115,49.992
11.137,49.958
11.145,49.933
11.145,49.909
11.159,49.875
11.181,49.835
11.195,49.825
11.203,49.773
11.203,49.72
11.209,49.704
11.231,49.647
11.253,49.602
11.267,49.556
11.311,49.521
11.325,49.476
11.347,49.443
11.383,49.408
11.391,49.381
11.398,49.357
11.413,49.329
11.413,49.302
11.419,49.283
11.434,49.264
11.448,49.243
11.478,49.199
11.485,49.158
11.514,49.144
11.536,49.127
11.557,49.104
11.564,49.076
11.564,49.049
11.572,49.028
11.579,49.002
11.586,48.961
11.586,48.92
11.593,48.901
11.601,48.87
11.608,48.828
11.615,48.781
11.622,48.731
11.644,48.714
11.651,48.69
11.659,48.659
11.666,48.629
11.673,48.579
11.68,48.533
11.688,48.491
11.695,48.45
11.71,48.425
11.717,48.398
11.717,48.364
11.738,48.334
11.767,48.316
11.774,48.295
11.804,48.267
11.825,48.221
11.832,48.179
11.883,48.155
11.897,48.121
11.905,48.091
11.912,48.058
11.912,48.026
11.927,47.994
11.941,47.949
11.973,47.931
11.978,47.894
11.985,47.883
12,47.852
12.007,47.833
12.013,47.805
12.021,47.795
12.035,47.759
12.046,47.721
12.05,47.68
12.064,47.648
12.071,47.613
12.079,47.585
12.086,47.541
12.093,47.517
12.1,47.502
12.108,47.473
12.129,47.455
12.137,47.422
12.166,47.383
12.173,47.357
12.181,47.348
12.188,47.322
12.195,47.286
12.209,47.239
12.216,47.201
12.224,47.169
12.231,47.143
12.238,47.116
12.253,47.078
12.267,47.057
12.268,47.033
12.272,47.01
12.275,46.984
12.289,46.965
12.296,46.944
12.303,46.929
12.311,46.901
12.325,46.871
12.332,46.845
12.347,46.829
12.361,46.797
12.362,46.767
12.368,46.74
12.376,46.721
12.378,46.708
12.383,46.679
12.39,46.653
12.391,46.638
12.398,46.613
12.405,46.594
12.405,46.548
12.419,46.502
12.426,46.491
12.434,46.457
12.441,46.436
12.448,46.419
12.448,46.403
12.456,46.369
12.463,46.34
12.47,46.311
12.477,46.291
12.492,46.267
12.506,46.244
12.513,46.228
12.528,46.202
12.55,46.193
12.564,46.157
12.579,46.134
12.586,46.119
12.593,46.09
12.6,46.07
12.644,46.044
12.651,46.024
12.687,46.01
12.709,45.984
12.717,45.962
12.724,45.937
12.731,45.924
12.752,45.901
12.76,45.884
12.768,45.86
12.781,45.836
12.789,45.808
12.796,45.778
12.803,45.74
12.818,45.695
12.825,45.667
12.832,45.645
12.869,45.618
12.876,45.6
12.891,45.582
12.905,45.556
12.919,45.539
12.941,45.514
12.948,45.486
12.956,45.462
12.97,45.428
12.97,45.409
12.984,45.367
13.013,45.325
13.014,45.299
13.021,45.268
13.028,45.229
13.035,45.193
13.042,45.164
13.043,45.119
13.071,45.09
13.079,45.069
13.086,45.048
13.093,45.023
13.1,45.003
13.115,44.971
13.122,44.959
13.144,44.93
13.151,44.902
13.158,44.859
13.166,44.815
13.166,44.785
13.173,44.77
13.187,44.745
13.194,44.737
13.209,44.687
13.21,44.661
13.224,44.629
13.23,44.586
13.231,44.562
13.245,44.534
13.253,44.491
13.26,44.469
13.26,44.446
13.267,44.402
13.274,44.365
13.282,44.34
13.296,44.324
13.318,44.301
13.325,44.261
13.332,44.235
13.339,44.212
13.347,44.192
13.354,44.162
13.361,44.14
13.368,44.119
13.369,44.097
13.376,44.073
13.383,44.041
13.39,44.023
13.397,43.985
13.405,43.948
13.412,43.92
13.419,43.892
13.42,43.842
13.426,43.823
13.427,43.803
13.434,43.777
13.434,43.754
13.441,43.735
13.448,43.691
13.455,43.666
13.463,43.639
13.47,43.611
13.477,43.595
13.478,43.563
13.492,43.551
13.506,43.536
13.513,43.512
13.521,43.486
13.55,43.463
13.557,43.425
13.564,43.385
13.571,43.359
13.579,43.335
13.629,43.313
13.665,43.289
13.781,43.274
13.818,43.255
13.949,43.24
13.978,43.216
14.02,43.191
14.05,43.177
14.057,43.153
14.065,43.133
14.086,43.121
14.086,43.106
14.093,43.084
14.1,43.068
14.101,43.045
14.115,43.012
14.12,42.982
14.129,42.958
14.136,42.923
14.166,42.885
14.185,42.86
14.194,42.843
14.209,42.824
14.419,42.802
14.578,42.779
